12 2 0 0 3 1 0 4 0 1 5 1 1 6 0 2 7 1 2 8 2 0 9 3 0 10 2 1 11 3 1 12 2 2 13 3 2 
0 0 0 0 1 0 3333 500 0 30 1 1 6666 500 0 30 0 12 2 -2742 3506 0 200 3 12741 3506 0 200 4 -3456 6160 -141 141 5 13455 6160 141 141 6 1806 8883 141 -141 7 8193 8883 -141 -141 8 695 3280 141 -141 9 9304 3280 -141 -141 10 -6756 6012 -200 0 11 16755 6012 200 0 12 -5106 8153 0 -200 13 15105 8153 0 -200 12 0 2 BL 0 3 BR 0 4 BL 0 5 BR 0 6 BL 0 7 BR 0 8 BL 0 9 BR 0 10 BL 0 11 BR 0 12 BL 0 13 BR 
0 0 0 0 1 0 3333 800 0 30 1 1 6666 800 0 30 0 4 6 1947 8742 141 -141 7 8052 8742 -141 -141 8 836 3139 141 -141 9 9163 3139 -141 -141 4 0 6 BL 0 7 BR 0 8 BL 0 9 BR 
0 0 0 0 1 0 3333 1100 0 30 1 1 6666 1100 0 30 0 4 6 2088 8601 141 -141 7 7911 8601 -141 -141 8 977 2998 141 -141 9 9022 2998 -141 -141 4 0 6 BL 0 7 BR 0 8 BL 0 9 BR 
0 0 0 0 1 0 3333 1400 0 30 1 1 6666 1400 0 30 0 4 6 2229 8460 141 -141 7 7770 8460 -141 -141 8 1118 2857 141 -141 9 8881 2857 -141 -141 4 0 6 BL 0 7 BR 0 8 BL 0 9 BR 
0 0 0 0 1 0 3333 1700 0 30 1 1 6666 1700 0 30 0 4 6 2370 8319 141 -141 7 7629 8319 -141 -141 8 1259 2716 141 -141 9 8740 2716 -141 -141 4 0 6 BL 0 7 BR 0 8 BL 0 9 BR 
0 0 0 0 1 0 3333 2000 0 30 1 1 6666 2000 0 30 0 4 6 2511 8178 141 -141 7 7488 8178 -141 -141 8 1400 2575 141 141 9 8599 2575 -141 141 4 0 6 BL 0 7 BR 0 8 BL 0 9 BR 
0 0 0 0 1 0 3333 2300 0 30 1 1 6666 2300 0 30 0 4 6 2652 8037 141 -141 7 7347 8037 -141 -141 8 1541 2716 141 141 9 8458 2716 -141 141 4 0 6 BL 0 7 BR 0 8 BL 0 9 BR 
0 0 0 0 1 0 3333 2600 0 30 1 1 6666 2600 0 30 0 4 6 2793 7896 141 -141 7 7206 7896 -141 -141 8 1682 2857 141 141 9 8317 2857 -141 141 4 0 6 BL 0 7 BR 0 8 BL 0 9 BR 
0 0 0 0 1 0 3333 2900 0 30 1 1 6666 2900 0 30 0 4 6 2934 7755 141 -141 7 7065 7755 -141 -141 8 1823 2998 141 141 9 8176 2998 -141 141 4 0 6 BL 0 7 BR 0 8 BL 0 9 BR 
0 0 0 0 1 0 3333 3200 0 30 1 1 6666 3200 0 30 0 4 6 3075 7614 141 141 7 6924 7614 -141 141 8 1964 3139 141 141 9 8035 3139 -141 141 4 0 6 BL 0 7 BR 0 8 TL 0 9 TR 
0 0 0 0 1 0 3333 3500 0 30 1 1 6666 3500 0 30 0 4 6 3216 7755 141 141 7 6783 7755 -141 141 8 2105 3280 141 141 9 7894 3280 -141 141 4 0 6 BL 0 7 BR 0 8 TL 0 9 TR 
0 0 0 0 1 0 3333 3800 0 30 1 1 6666 3800 0 30 0 4 6 3357 7896 141 141 7 6642 7896 -141 141 8 2246 3421 141 141 9 7753 3421 -141 141 4 0 6 BR 0 7 BR 0 8 TL 0 9 TR 
0 0 0 0 1 0 3333 4100 0 30 1 1 6666 4100 0 30 0 4 6 3498 8037 141 141 7 6501 8037 -141 141 8 2387 3562 141 141 9 7612 3562 -141 141 4 0 6 BR 0 7 BR 0 8 TL 0 9 TR 
0 0 0 0 1 0 3333 4400 0 30 1 1 6666 4400 0 30 0 4 6 3639 8178 141 141 7 6360 8178 -141 141 8 2528 3703 141 141 9 7471 3703 -141 141 4 0 6 BR 0 7 BR 0 8 TL 0 9 TR 
0 0 0 0 1 0 3333 4700 0 30 1 1 6666 4700 0 30 0 4 6 3780 8319 141 141 7 6219 8319 -141 141 8 2669 3844 141 141 9 7330 3844 -141 141 4 0 6 BR 0 7 BR 0 8 TL 0 9 TR 
0 0 0 0 1 0 3333 5000 0 30 1 1 6666 5000 0 30 0 4 6 3921 8460 141 141 7 6078 8460 -141 141 8 2810 3985 141 141 9 7189 3985 -141 141 4 0 6 BR 0 7 BR 0 8 TL 0 9 TR 
0 0 0 0 1 0 3333 5300 0 30 1 1 6666 5300 0 30 0 4 6 4062 8601 141 141 7 5937 8601 -141 141 8 2951 4126 141 141 9 7048 4126 -141 141 4 0 6 BR 0 7 BR 0 8 TL 0 9 TR 
0 0 0 0 1 0 3333 5600 0 30 1 1 6666 5600 0 30 0 4 6 4203 8742 141 141 7 5796 8742 -141 141 8 3092 4267 141 141 9 6907 4267 -141 141 4 0 6 BR 0 7 BR 0 8 TL 0 9 TR 
0 0 0 0 1 0 3333 5900 0 30 1 1 6666 5900 0 30 0 4 6 4344 8883 141 141 7 5655 8883 -141 141 8 3233 4408 141 141 9 6766 4408 -141 141 4 0 6 BR 0 7 BR 0 8 TL 0 9 TR 
0 0 0 0 1 0 3333 6200 0 30 1 1 6666 6200 0 30 0 4 6 4485 9024 141 141 7 5514 9024 -141 141 8 3374 4549 141 141 9 6625 4549 -141 141 4 0 6 BR 0 7 BR 0 8 TR 0 9 TR 
0 0 0 0 1 0 3333 6500 0 30 1 1 6666 6500 0 30 0 4 6 4626 9165 141 141 7 5373 9165 -141 141 8 3515 4690 141 141 9 6484 4690 -141 141 4 0 6 BR 0 7 BR 0 8 TR 0 9 TR 
0 0 0 0 1 0 3333 6800 0 30 1 1 6666 6800 0 30 0 4 6 4767 9306 -200 0 7 5232 9306 200 0 8 3656 4831 141 141 9 6343 4831 -141 141 4 0 6 BR 0 7 BR 0 8 TR 0 9 TR 
0 0 0 0 1 0 3333 7100 0 30 1 1 6666 7100 0 30 0 4 6 4567 9306 -200 0 7 5432 9306 200 0 8 3797 4972 141 -141 9 6202 4972 -141 -141 4 0 6 BR 0 7 BR 0 8 TR 0 9 TR 
0 0 0 0 1 0 3333 7400 0 30 1 1 6666 7400 0 30 0 4 6 4367 9306 -200 0 7 5632 9306 200 0 8 3938 4831 141 -141 9 6061 4831 -141 -141 4 0 6 BR 0 7 BR 0 8 TR 0 9 TR 
0 0 0 0 1 0 3333 7700 0 30 1 1 6666 7700 0 30 0 4 6 4167 9306 -200 0 7 5832 9306 200 0 8 4079 4690 141 -141 9 5920 4690 -141 -141 4 0 6 BR 0 7 BR 0 8 TR 0 9 TR 
0 0 0 0 1 0 3333 8000 0 30 1 1 6666 8000 0 30 0 4 6 3967 9306 -200 0 7 6032 9306 200 0 8 4220 4549 141 -141 9 5779 4549 -141 -141 4 0 6 BR 0 7 BR 0 8 TR 0 9 TR 
0 0 0 0 1 0 3333 8300 0 30 1 1 6666 8300 0 30 0 4 6 3767 9306 -200 0 7 6232 9306 200 0 8 4361 4408 141 -141 9 5638 4408 -141 -141 4 0 6 BR 0 7 BR 0 8 TR 0 9 TR 
6 6 1 6 1 7 1 0 3333 8600 0 30 1 1 6666 8600 0 30 0 4 6 3567 9306 -200 0 7 6432 9306 200 0 8 4502 4267 141 -141 9 5497 4267 -141 -141 4 0 6 BR 0 7 BR 0 8 TR 0 9 TR 
6 6 1 6 1 7 1 0 3333 8900 0 30 1 1 6666 8900 0 30 0 4 6 3367 9306 -200 0 7 6632 9306 200 0 8 4643 4126 141 -141 9 5356 4126 -141 -141 4 0 6 BR 0 7 BR 0 8 TR 0 9 TR 
6 6 1 6 1 7 1 0 3333 9200 0 30 1 1 6666 9200 0 30 0 4 6 3167 9306 -200 0 7 6832 9306 200 0 8 4784 3985 -200 0 9 5215 3985 200 0 4 0 6 BL 0 7 BR 0 8 TR 0 9 TR 
6 6 1 6 1 7 1 0 3333 9500 0 30 1 1 6666 9500 0 30 0 4 6 2967 9306 -200 0 7 7032 9306 200 0 8 4584 3985 -200 0 9 5415 3985 200 0 4 0 6 TL 0 7 TR 0 8 TR 0 9 TR 
6 6 1 6 1 7 1 0 3333 9800 0 30 1 1 6666 9800 0 30 0 4 6 2767 9306 -200 0 7 7232 9306 200 0 8 4384 3985 -200 0 9 5615 3985 200 0 4 0 6 TL 0 7 TR 0 8 TR 0 9 TR 
6 6 1 6 1 7 1 0 3333 9999 0 30 1 1 6666 9999 0 30 0 4 6 2567 9306 -200 0 7 7432 9306 200 0 8 4184 3985 -200 0 9 5815 3985 200 0 4 0 6 TL 0 7 TR 0 8 TR 0 9 TR 
6 6 1 6 1 7 1 0 3333 9999 0 30 1 1 6666 9999 0 30 0 4 6 2367 9306 -200 0 7 7632 9306 200 0 8 3984 3985 -200 0 9 6015 3985 200 0 4 0 6 TL 0 7 TR 0 8 TR 0 9 TR 
6 6 1 6 1 7 1 0 3333 9999 0 30 1 1 6666 9999 0 30 0 4 6 2167 9306 -200 0 7 7832 9306 200 0 8 3784 3985 -200 0 9 6215 3985 200 0 4 0 6 TL 0 7 TR 0 8 TR 0 9 TR 
6 6 1 6 1 7 1 0 3333 9999 0 30 1 1 6666 9999 0 30 0 4 6 1967 9306 -200 0 7 8032 9306 200 0 8 3584 3985 -200 0 9 6415 3985 200 0 4 0 6 TL 0 7 TR 0 8 TR 0 9 TR 
6 6 1 6 1 7 1 0 3333 9999 0 30 1 1 6666 9999 0 30 0 4 6 1767 9306 -200 0 7 8232 9306 200 0 8 3384 3985 -200 0 9 6615 3985 200 0 4 0 6 TL 0 7 TR 0 8 TR 0 9 TR 
6 6 1 6 1 7 1 0 3333 9999 0 30 1 1 6666 9999 0 30 0 4 6 1567 9306 -200 0 7 8432 9306 200 0 8 3184 3985 -200 0 9 6815 3985 200 0 4 0 6 TL 0 7 TR 0 8 TL 0 9 TR 
6 6 1 6 1 7 1 0 3333 9999 0 30 1 1 6666 9999 0 30 0 4 6 1367 9306 -200 0 7 8632 9306 200 0 8 2984 3985 -200 0 9 7015 3985 200 0 4 0 6 TL 0 7 TR 0 8 TL 0 9 TR 
6 6 1 6 1 7 1 0 3333 9999 0 30 1 1 6666 9999 0 30 0 4 6 1167 9306 -200 0 7 8832 9306 200 0 8 2784 3985 -200 0 9 7215 3985 200 0 4 0 6 TL 0 7 TR 0 8 TL 0 9 TR 
6 6 1 6 1 7 1 0 3333 9999 0 30 1 1 6666 9999 0 30 0 4 6 967 9306 -200 0 7 9032 9306 200 0 8 2584 3985 -200 0 9 7415 3985 200 0 4 0 6 TL 0 7 TR 0 8 TL 0 9 TR 
6 6 1 6 1 7 1 0 3333 9999 0 30 1 1 6666 9999 0 30 0 4 6 767 9306 -200 0 7 9232 9306 200 0 8 2384 3985 -200 0 9 7615 3985 200 0 4 0 6 TL 0 7 TR 0 8 TL 0 9 TR 
6 6 1 6 1 7 1 0 3333 9999 0 30 1 1 6666 9999 0 30 0 4 6 567 9306 -200 0 7 9432 9306 200 0 8 2184 3985 -200 0 9 7815 3985 200 0 4 0 6 TL 0 7 TR 0 8 TL 0 9 TR 
6 6 1 6 1 7 1 0 3333 9999 0 30 1 1 6666 9999 0 30 0 4 6 367 9306 -200 0 7 9632 9306 200 0 8 1984 3985 -200 0 9 8015 3985 200 0 4 0 6 TL 0 7 TR 0 8 TL 0 9 TR 
6 6 1 6 1 7 1 0 3333 9999 0 30 1 1 6666 9999 0 30 0 4 6 167 9306 200 0 7 9832 9306 -200 0 8 1784 3985 -200 0 9 8215 3985 200 0 4 0 6 TL 0 7 TR 0 8 TL 0 9 TR 
6 6 1 6 1 7 1 0 3333 9999 0 30 1 1 6666 9999 0 30 0 4 6 367 9306 200 0 7 9632 9306 -200 0 8 1584 3985 -200 0 9 8415 3985 200 0 4 0 6 TL 0 7 TR 0 8 TL 0 9 TR 
6 6 1 6 1 7 1 0 3333 9999 0 30 1 1 6666 9999 0 30 0 4 6 567 9306 200 0 7 9432 9306 -200 0 8 1384 3985 -200 0 9 8615 3985 200 0 4 0 6 TL 0 7 TR 0 8 TL 0 9 TR 
6 6 1 6 1 7 1 0 3333 9999 0 30 1 1 6666 9999 0 30 0 4 6 767 9306 200 0 7 9232 9306 -200 0 8 1184 3985 -200 0 9 8815 3985 200 0 4 0 6 TL 0 7 TR 0 8 TL 0 9 TR 
6 6 1 6 1 7 1 0 3333 9999 0 30 1 1 6666 9999 0 30 0 4 6 967 9306 200 0 7 9032 9306 -200 0 8 984 3985 -200 0 9 9015 3985 200 0 4 0 6 TL 0 7 TR 0 8 TL 0 9 TR 
6 6 1 6 1 7 1 0 3333 9999 0 30 1 1 6666 9999 0 30 0 4 6 1167 9306 200 0 7 8832 9306 -200 0 8 784 3985 -200 0 9 9215 3985 200 0 4 0 6 TL 0 7 TR 0 8 TL 0 9 TR 
6 6 1 6 1 7 1 0 3333 9999 0 30 1 1 6666 9999 0 30 0 4 6 1367 9306 200 0 7 8632 9306 -200 0 8 584 3985 -200 0 9 9415 3985 200 0 4 0 6 TL 0 7 TR 0 8 TL 0 9 TR 
6 6 1 6 1 7 1 0 3333 9999 0 30 1 1 6666 9999 0 30 0 4 6 1567 9306 200 0 7 8432 9306 -200 0 8 384 3985 -200 0 9 9615 3985 200 0 4 0 6 TL 0 7 TR 0 8 TL 0 9 TR 
6 6 1 6 1 7 1 0 3333 9999 0 30 1 1 6666 9999 0 30 0 4 6 1767 9306 200 0 7 8232 9306 -200 0 8 184 3985 200 0 9 9815 3985 -200 0 4 0 6 TL 0 7 TR 0 8 TL 0 9 TR 
6 6 1 6 1 7 1 0 3333 9999 0 30 1 1 6666 9999 0 30 0 4 6 1967 9306 200 0 7 8032 9306 -200 0 8 384 3985 200 0 9 9615 3985 -200 0 4 0 6 TL 0 7 TR 0 8 TL 0 9 TR 
6 6 1 6 1 7 1 0 3333 9999 0 30 1 1 6666 9999 0 30 0 4 6 2167 9306 200 0 7 7832 9306 -200 0 8 584 3985 200 0 9 9415 3985 -200 0 4 0 6 TL 0 7 TR 0 8 TL 0 9 TR 
6 6 1 6 1 7 1 0 3333 9999 0 30 1 1 6666 9999 0 30 0 4 6 2367 9306 200 0 7 7632 9306 -200 0 8 784 3985 200 0 9 9215 3985 -200 0 4 0 6 TL 0 7 TR 0 8 TL 0 9 TR 
6 6 1 6 1 7 1 0 3333 9999 0 30 1 1 6666 9999 0 30 0 4 6 2567 9306 200 0 7 7432 9306 -200 0 8 984 3985 200 0 9 9015 3985 -200 0 4 0 6 TL 0 7 TR 0 8 TL 0 9 TR 
6 6 1 6 1 7 1 0 3333 9999 0 30 1 1 6666 9999 0 30 0 4 6 2767 9306 200 0 7 7232 9306 -200 0 8 1184 3985 200 0 9 8815 3985 -200 0 4 0 6 TL 0 7 TR 0 8 TL 0 9 TR 
6 6 1 6 1 7 1 0 3333 9999 0 30 1 1 6666 9999 0 30 0 4 6 2967 9306 200 0 7 7032 9306 -200 0 8 1384 3985 200 0 9 8615 3985 -200 0 4 0 6 TL 0 7 TR 0 8 TL 0 9 TR 
6 6 1 6 1 7 1 0 3333 9999 0 30 1 1 6666 9999 0 30 0 4 6 3167 9306 200 0 7 6832 9306 -200 0 8 1584 3985 200 0 9 8415 3985 -200 0 4 0 6 TL 0 7 TR 0 8 TL 0 9 TR 
6 6 1 6 1 7 1 0 3333 9999 0 30 1 1 6666 9999 0 30 0 4 6 3367 9306 200 0 7 6632 9306 -200 0 8 1784 3985 200 0 9 8215 3985 -200 0 4 0 6 TR 0 7 TR 0 8 TL 0 9 TR 
6 6 1 6 1 7 1 0 3333 9999 0 30 1 1 6666 9999 0 30 0 4 6 3567 9306 200 0 7 6432 9306 -200 0 8 1984 3985 200 0 9 8015 3985 -200 0 4 0 6 TR 0 7 TR 0 8 TL 0 9 TR 
6 6 1 6 1 7 1 0 3333 9999 0 30 1 1 6666 9999 0 30 0 4 6 3767 9306 200 0 7 6232 9306 -200 0 8 2184 3985 200 0 9 7815 3985 -200 0 4 0 6 TR 0 7 TR 0 8 TL 0 9 TR 
6 6 1 6 1 7 1 0 3333 9999 0 30 1 1 6666 9999 0 30 0 4 6 3967 9306 200 0 7 6032 9306 -200 0 8 2384 3985 200 0 9 7615 3985 -200 0 4 0 6 TR 0 7 TR 0 8 TL 0 9 TR 
6 6 1 6 1 7 1 0 3333 9999 0 30 1 1 6666 9999 0 30 0 4 6 4167 9306 200 0 7 5832 9306 -200 0 8 2584 3985 200 0 9 7415 3985 -200 0 4 0 6 TR 0 7 TR 0 8 TL 0 9 TR 
6 6 1 6 1 7 1 0 3333 9999 0 30 1 1 6666 9999 0 30 0 4 6 4367 9306 200 0 7 5632 9306 -200 0 8 2784 3985 200 0 9 7215 3985 -200 0 4 0 6 TR 0 7 TR 0 8 TL 0 9 TR 
6 6 1 6 1 7 1 0 3333 9999 0 30 1 1 6666 9999 0 30 0 4 6 4567 9306 200 0 7 5432 9306 -200 0 8 2984 3985 200 0 9 7015 3985 -200 0 4 0 6 TR 0 7 TR 0 8 TL 0 9 TR 
6 6 1 6 1 7 1 0 3333 9999 0 30 1 1 6666 9999 0 30 0 4 6 4767 9306 -200 0 7 5232 9306 200 0 8 3184 3985 200 0 9 6815 3985 -200 0 4 0 6 TR 0 7 TR 0 8 TL 0 9 TR 
6 6 1 6 1 7 1 0 3333 9999 0 30 1 1 6666 9999 0 30 0 4 6 4567 9306 -200 0 7 5432 9306 200 0 8 3384 3985 200 0 9 6615 3985 -200 0 4 0 6 TR 0 7 TR 0 8 TR 0 9 TR 
6 6 1 6 1 7 1 0 3333 9999 0 30 1 1 6666 9999 0 30 0 4 6 4367 9306 -200 0 7 5632 9306 200 0 8 3584 3985 200 0 9 6415 3985 -200 0 4 0 6 TR 0 7 TR 0 8 TR 0 9 TR 
6 6 1 6 1 7 1 0 3333 9999 0 30 1 1 6666 9999 0 30 0 4 6 4167 9306 -200 0 7 5832 9306 200 0 8 3784 3985 200 0 9 6215 3985 -200 0 4 0 6 TR 0 7 TR 0 8 TR 0 9 TR 
6 6 1 6 1 7 1 0 3333 9999 0 30 1 1 6666 9999 0 30 0 4 6 3967 9306 -200 0 7 6032 9306 200 0 8 3984 3985 200 0 9 6015 3985 -200 0 4 0 6 TR 0 7 TR 0 8 TR 0 9 TR 
6 6 1 6 1 7 1 0 3333 9999 0 30 1 1 6666 9999 0 30 0 4 6 3767 9306 -200 0 7 6232 9306 200 0 8 4184 3985 200 0 9 5815 3985 -200 0 4 0 6 TR 0 7 TR 0 8 TR 0 9 TR 
6 6 1 6 1 7 1 0 3333 9999 0 30 1 1 6666 9999 0 30 0 4 6 3567 9306 -200 0 7 6432 9306 200 0 8 4384 3985 200 0 9 5615 3985 -200 0 4 0 6 TR 0 7 TR 0 8 TR 0 9 TR 
6 6 1 6 1 7 1 0 3333 9999 0 30 1 1 6666 9999 0 30 0 4 6 3367 9306 -200 0 7 6632 9306 200 0 8 4584 3985 200 0 9 5415 3985 -200 0 4 0 6 TR 0 7 TR 0 8 TR 0 9 TR 
6 6 1 6 1 7 1 0 3333 9999 0 30 1 1 6666 9999 0 30 0 4 6 3167 9306 -200 0 7 6832 9306 200 0 8 4784 3985 -200 0 9 5215 3985 200 0 4 0 6 TL 0 7 TR 0 8 TR 0 9 TR 
6 6 1 6 1 7 1 0 3333 9999 0 30 1 1 6666 9999 0 30 0 4 6 2967 9306 -200 0 7 7032 9306 200 0 8 4584 3985 -200 0 9 5415 3985 200 0 4 0 6 TL 0 7 TR 0 8 TR 0 9 TR 
6 6 1 6 1 7 1 0 3333 9999 0 30 1 1 6666 9999 0 30 0 4 6 2767 9306 -200 0 7 7232 9306 200 0 8 4384 3985 -200 0 9 5615 3985 200 0 4 0 6 TL 0 7 TR 0 8 TR 0 9 TR 
6 6 1 6 1 7 1 0 3333 9999 0 30 1 1 6666 9999 0 30 0 4 6 2567 9306 -200 0 7 7432 9306 200 0 8 4184 3985 -200 0 9 5815 3985 200 0 4 0 6 TL 0 7 TR 0 8 TR 0 9 TR 
6 6 1 6 1 7 1 0 3333 9999 0 30 1 1 6666 9999 0 30 0 4 6 2367 9306 -200 0 7 7632 9306 200 0 8 3984 3985 -200 0 9 6015 3985 200 0 4 0 6 TL 0 7 TR 0 8 TR 0 9 TR 
6 6 1 6 1 7 1 0 3333 9999 0 30 1 1 6666 9999 0 30 0 4 6 2167 9306 -200 0 7 7832 9306 200 0 8 3784 3985 -200 0 9 6215 3985 200 0 4 0 6 TL 0 7 TR 0 8 TR 0 9 TR 
6 6 1 6 1 7 1 0 3333 9999 0 30 1 1 6666 9999 0 30 0 4 6 1967 9306 -200 0 7 8032 9306 200 0 8 3584 3985 -200 0 9 6415 3985 200 0 4 0 6 TL 0 7 TR 0 8 TR 0 9 TR 
6 6 1 6 1 7 1 0 3333 9999 0 30 1 1 6666 9999 0 30 0 4 6 1767 9306 -200 0 7 8232 9306 200 0 8 3384 3985 -200 0 9 6615 3985 200 0 4 0 6 TL 0 7 TR 0 8 TR 0 9 TR 
6 6 1 6 1 7 1 0 3333 9999 0 30 1 1 6666 9999 0 30 0 4 6 1567 9306 -200 0 7 8432 9306 200 0 8 3184 3985 -200 0 9 6815 3985 200 0 4 0 6 TL 0 7 TR 0 8 TL 0 9 TR 
6 6 1 6 1 7 1 0 3333 9999 0 30 1 1 6666 9999 0 30 0 4 6 1367 9306 -200 0 7 8632 9306 200 0 8 2984 3985 -200 0 9 7015 3985 200 0 4 0 6 TL 0 7 TR 0 8 TL 0 9 TR 
6 6 1 6 1 7 1 0 3333 9999 0 30 1 1 6666 9999 0 30 0 4 6 1167 9306 -200 0 7 8832 9306 200 0 8 2784 3985 -200 0 9 7215 3985 200 0 4 0 6 TL 0 7 TR 0 8 TL 0 9 TR 
6 6 1 6 1 7 1 0 3333 9999 0 30 1 1 6666 9999 0 30 0 4 6 967 9306 -200 0 7 9032 9306 200 0 8 2584 3985 -200 0 9 7415 3985 200 0 4 0 6 TL 0 7 TR 0 8 TL 0 9 TR 
6 6 1 6 1 7 1 0 3333 9999 0 30 1 1 6666 9999 0 30 0 4 6 767 9306 -200 0 7 9232 9306 200 0 8 2384 3985 -200 0 9 7615 3985 200 0 4 0 6 TL 0 7 TR 0 8 TL 0 9 TR 
6 6 1 6 1 7 1 0 3333 9999 0 30 1 1 6666 9999 0 30 0 4 6 567 9306 -200 0 7 9432 9306 200 0 8 2184 3985 -200 0 9 7815 3985 200 0 4 0 6 TL 0 7 TR 0 8 TL 0 9 TR 
6 6 1 6 1 7 1 0 3333 9999 0 30 1 1 6666 9999 0 30 0 4 6 367 9306 -200 0 7 9632 9306 200 0 8 1984 3985 -200 0 9 8015 3985 200 0 4 0 6 TL 0 7 TR 0 8 TL 0 9 TR 
6 6 1 6 1 7 1 0 3333 9999 0 30 1 1 6666 9999 0 30 0 4 6 167 9306 200 0 7 9832 9306 -200 0 8 1784 3985 -200 0 9 8215 3985 200 0 4 0 6 TL 0 7 TR 0 8 TL 0 9 TR 
6 6 1 6 1 7 1 0 3333 9999 0 30 1 1 6666 9999 0 30 0 4 6 367 9306 200 0 7 9632 9306 -200 0 8 1584 3985 -200 0 9 8415 3985 200 0 4 0 6 TL 0 7 TR 0 8 TL 0 9 TR 
6 6 1 6 1 7 1 0 3333 9999 0 30 1 1 6666 9999 0 30 0 4 6 567 9306 200 0 7 9432 9306 -200 0 8 1384 3985 -200 0 9 8615 3985 200 0 4 0 6 TL 0 7 TR 0 8 TL 0 9 TR 
6 6 1 6 1 7 1 0 3333 9999 0 30 1 1 6666 9999 0 30 0 4 6 767 9306 200 0 7 9232 9306 -200 0 8 1184 3985 -200 0 9 8815 3985 200 0 4 0 6 TL 0 7 TR 0 8 TL 0 9 TR 
6 6 1 6 1 7 1 0 3333 9999 0 30 1 1 6666 9999 0 30 0 4 6 967 9306 200 0 7 9032 9306 -200 0 8 984 3985 -200 0 9 9015 3985 200 0 4 0 6 TL 0 7 TR 0 8 TL 0 9 TR 
6 6 1 6 1 7 1 0 3333 9999 0 30 1 1 6666 9999 0 30 0 4 6 1167 9306 200 0 7 8832 9306 -200 0 8 784 3985 -200 0 9 9215 3985 200 0 4 0 6 TL 0 7 TR 0 8 TL 0 9 TR 
6 6 1 6 1 7 1 0 3333 9999 0 30 1 1 6666 9999 0 30 0 4 6 1367 9306 200 0 7 8632 9306 -200 0 8 584 3985 -200 0 9 9415 3985 200 0 4 0 6 TL 0 7 TR 0 8 TL 0 9 TR 
6 6 1 6 1 7 1 0 3333 9999 0 30 1 1 6666 9999 0 30 0 4 6 1567 9306 200 0 7 8432 9306 -200 0 8 384 3985 -200 0 9 9615 3985 200 0 4 0 6 TL 0 7 TR 0 8 TL 0 9 TR 
6 6 1 6 1 7 1 0 3333 9999 0 30 1 1 6666 9999 0 30 0 4 6 1767 9306 200 0 7 8232 9306 -200 0 8 184 3985 200 0 9 9815 3985 -200 0 4 0 6 TL 0 7 TR 0 8 TL 0 9 TR 
6 6 1 6 1 7 1 0 3333 9999 0 30 1 1 6666 9999 0 30 0 4 6 1967 9306 200 0 7 8032 9306 -200 0 8 384 3985 200 0 9 9615 3985 -200 0 4 0 6 TL 0 7 TR 0 8 TL 0 9 TR 
6 6 1 6 1 7 1 0 3333 9999 0 30 1 1 6666 9999 0 30 0 4 6 2167 9306 200 0 7 7832 9306 -200 0 8 584 3985 200 0 9 9415 3985 -200 0 4 0 6 TL 0 7 TR 0 8 TL 0 9 TR 
6 6 1 6 1 7 1 0 3333 9999 0 30 1 1 6666 9999 0 30 0 4 6 2367 9306 200 0 7 7632 9306 -200 0 8 784 3985 200 0 9 9215 3985 -200 0 4 0 6 TL 0 7 TR 0 8 TL 0 9 TR 
6 6 1 6 1 7 1 0 3333 9999 0 30 1 1 6666 9999 0 30 0 4 6 2567 9306 200 0 7 7432 9306 -200 0 8 984 3985 200 0 9 9015 3985 -200 0 4 0 6 TL 0 7 TR 0 8 TL 0 9 TR 
6 6 1 6 1 7 1 0 3333 9999 0 30 1 1 6666 9999 0 30 0 4 6 2767 9306 200 0 7 7232 9306 -200 0 8 1184 3985 200 0 9 8815 3985 -200 0 4 0 6 TL 0 7 TR 0 8 TL 0 9 TR 
6 6 1 6 1 7 1 0 3333 9999 0 30 1 1 6666 9999 0 30 0 4 6 2967 9306 200 0 7 7032 9306 -200 0 8 1384 3985 200 0 9 8615 3985 -200 0 4 0 6 TL 0 7 TR 0 8 TL 0 9 TR 
6 6 1 6 1 7 1 0 3333 9999 0 30 1 1 6666 9999 0 30 0 4 6 3167 9306 200 0 7 6832 9306 -200 0 8 1584 3985 200 0 9 8415 3985 -200 0 4 0 6 TL 0 7 TR 0 8 TL 0 9 TR 
6 6 1 6 1 7 1 0 3333 9999 0 30 1 1 6666 9999 0 30 0 4 6 3367 9306 200 0 7 6632 9306 -200 0 8 1784 3985 200 0 9 8215 3985 -200 0 4 0 6 TR 0 7 TR 0 8 TL 0 9 TR 
6 6 1 6 1 7 1 0 3333 9999 0 30 1 1 6666 9999 0 30 0 4 6 3567 9306 200 0 7 6432 9306 -200 0 8 1984 3985 200 0 9 8015 3985 -200 0 4 0 6 TR 0 7 TR 0 8 TL 0 9 TR 
6 6 1 6 1 7 1 0 3333 9999 0 30 1 1 6666 9999 0 30 0 4 6 3767 9306 200 0 7 6232 9306 -200 0 8 2184 3985 200 0 9 7815 3985 -200 0 4 0 6 TR 0 7 TR 0 8 TL 0 9 TR 
6 6 1 6 1 7 1 0 3333 9999 0 30 1 1 6666 9999 0 30 0 4 6 3967 9306 200 0 7 6032 9306 -200 0 8 2384 3985 200 0 9 7615 3985 -200 0 4 0 6 TR 0 7 TR 0 8 TL 0 9 TR 
6 6 1 6 1 7 1 0 3333 9999 0 30 1 1 6666 9999 0 30 0 4 6 4167 9306 200 0 7 5832 9306 -200 0 8 2584 3985 200 0 9 7415 3985 -200 0 4 0 6 TR 0 7 TR 0 8 TL 0 9 TR 
6 6 1 6 1 7 1 0 3333 9999 0 30 1 1 6666 9999 0 30 0 4 6 4367 9306 200 0 7 5632 9306 -200 0 8 2784 3985 200 0 9 7215 3985 -200 0 4 0 6 TR 0 7 TR 0 8 TL 0 9 TR 
6 6 1 6 1 7 1 0 3333 9999 0 30 1 1 6666 9999 0 30 0 4 6 4567 9306 200 0 7 5432 9306 -200 0 8 2984 3985 200 0 9 7015 3985 -200 0 4 0 6 TR 0 7 TR 0 8 TL 0 9 TR 
6 6 1 6 1 7 1 0 3333 9999 0 30 1 1 6666 9999 0 30 0 4 6 4767 9306 -200 0 7 5232 9306 200 0 8 3184 3985 200 0 9 6815 3985 -200 0 4 0 6 TR 0 7 TR 0 8 TL 0 9 TR 
6 6 1 6 1 7 1 0 3333 9999 0 30 1 1 6666 9999 0 30 0 4 6 4567 9306 -200 0 7 5432 9306 200 0 8 3384 3985 200 0 9 6615 3985 -200 0 4 0 6 TR 0 7 TR 0 8 TR 0 9 TR 
6 6 1 6 1 7 1 0 3333 9999 0 30 1 1 6666 9999 0 30 0 4 6 4367 9306 -200 0 7 5632 9306 200 0 8 3584 3985 200 0 9 6415 3985 -200 0 4 0 6 TR 0 7 TR 0 8 TR 0 9 TR 
6 6 1 6 1 7 1 0 3333 9999 0 30 1 1 6666 9999 0 30 0 4 6 4167 9306 -200 0 7 5832 9306 200 0 8 3784 3985 200 0 9 6215 3985 -200 0 4 0 6 TR 0 7 TR 0 8 TR 0 9 TR 
6 6 1 6 1 7 1 0 3333 9999 0 30 1 1 6666 9999 0 30 0 4 6 3967 9306 -200 0 7 6032 9306 200 0 8 3984 3985 200 0 9 6015 3985 -200 0 4 0 6 TR 0 7 TR 0 8 TR 0 9 TR 
6 6 1 6 1 7 1 0 3333 9999 0 30 1 1 6666 9999 0 30 0 4 6 3767 9306 -200 0 7 6232 9306 200 0 8 4184 3985 200 0 9 5815 3985 -200 0 4 0 6 TR 0 7 TR 0 8 TR 0 9 TR 
6 6 1 6 1 7 1 0 3333 9999 0 30 1 1 6666 9999 0 30 0 4 6 3567 9306 -200 0 7 6432 9306 200 0 8 4384 3985 200 0 9 5615 3985 -200 0 4 0 6 TR 0 7 TR 0 8 TR 0 9 TR 
6 6 1 6 1 7 1 0 3333 9999 0 30 1 1 6666 9999 0 30 0 4 6 3367 9306 -200 0 7 6632 9306 200 0 8 4584 3985 200 0 9 5415 3985 -200 0 4 0 6 TR 0 7 TR 0 8 TR 0 9 TR 
6 6 1 6 1 7 1 0 3333 9999 0 30 1 1 6666 9999 0 30 0 4 6 3167 9306 -200 0 7 6832 9306 200 0 8 4784 3985 -200 0 9 5215 3985 200 0 4 0 6 TL 0 7 TR 0 8 TR 0 9 TR 
6 6 1 6 1 7 1 0 3333 9999 0 30 1 1 6666 9999 0 30 0 4 6 2967 9306 -200 0 7 7032 9306 200 0 8 4584 3985 -200 0 9 5415 3985 200 0 4 0 6 TL 0 7 TR 0 8 TR 0 9 TR 
6 6 1 6 1 7 1 0 3333 9999 0 30 1 1 6666 9999 0 30 0 4 6 2767 9306 -200 0 7 7232 9306 200 0 8 4384 3985 -200 0 9 5615 3985 200 0 4 0 6 TL 0 7 TR 0 8 TR 0 9 TR 
6 6 1 6 1 7 1 0 3333 9999 0 30 1 1 6666 9999 0 30 0 4 6 2567 9306 -200 0 7 7432 9306 200 0 8 4184 3985 -200 0 9 5815 3985 200 0 4 0 6 TL 0 7 TR 0 8 TR 0 9 TR 
6 6 1 6 1 7 1 0 3333 9999 0 30 1 1 6666 9999 0 30 0 4 6 2367 9306 -200 0 7 7632 9306 200 0 8 3984 3985 -200 0 9 6015 3985 200 0 4 0 6 TL 0 7 TR 0 8 TR 0 9 TR 
6 6 1 6 1 7 1 0 3333 9999 0 30 1 1 6666 9999 0 30 0 4 6 2167 9306 -200 0 7 7832 9306 200 0 8 3784 3985 -200 0 9 6215 3985 200 0 4 0 6 TL 0 7 TR 0 8 TR 0 9 TR 
6 6 1 6 1 7 1 0 3333 9999 0 30 1 1 6666 9999 0 30 0 4 6 1967 9306 -200 0 7 8032 9306 200 0 8 3584 3985 -200 0 9 6415 3985 200 0 4 0 6 TL 0 7 TR 0 8 TR 0 9 TR 
6 6 1 6 1 7 1 0 3333 9999 0 30 1 1 6666 9999 0 30 0 4 6 1767 9306 -200 0 7 8232 9306 200 0 8 3384 3985 -200 0 9 6615 3985 200 0 4 0 6 TL 0 7 TR 0 8 TR 0 9 TR 
6 6 1 6 1 7 1 0 3333 9999 0 30 1 1 6666 9999 0 30 0 4 6 1567 9306 -200 0 7 8432 9306 200 0 8 3184 3985 -200 0 9 6815 3985 200 0 4 0 6 TL 0 7 TR 0 8 TL 0 9 TR 
6 6 1 6 1 7 1 0 3333 9999 0 30 1 1 6666 9999 0 30 0 4 6 1367 9306 -200 0 7 8632 9306 200 0 8 2984 3985 -200 0 9 7015 3985 200 0 4 0 6 TL 0 7 TR 0 8 TL 0 9 TR 
6 6 1 6 1 7 1 0 3333 9999 0 30 1 1 6666 9999 0 30 0 4 6 1167 9306 -200 0 7 8832 9306 200 0 8 2784 3985 -200 0 9 7215 3985 200 0 4 0 6 TL 0 7 TR 0 8 TL 0 9 TR 
6 6 1 6 1 7 1 0 3333 9999 0 30 1 1 6666 9999 0 30 0 4 6 967 9306 -200 0 7 9032 9306 200 0 8 2584 3985 -200 0 9 7415 3985 200 0 4 0 6 TL 0 7 TR 0 8 TL 0 9 TR 
6 6 1 6 1 7 1 0 3333 9999 0 30 1 1 6666 9999 0 30 0 4 6 767 9306 -200 0 7 9232 9306 200 0 8 2384 3985 -200 0 9 7615 3985 200 0 4 0 6 TL 0 7 TR 0 8 TL 0 9 TR 
6 6 1 6 1 7 1 0 3333 9999 0 30 1 1 6666 9999 0 30 0 4 6 567 9306 -200 0 7 9432 9306 200 0 8 2184 3985 -200 0 9 7815 3985 200 0 4 0 6 TL 0 7 TR 0 8 TL 0 9 TR 
6 6 1 6 1 7 1 0 3333 9999 0 30 1 1 6666 9999 0 30 0 4 6 367 9306 -200 0 7 9632 9306 200 0 8 1984 3985 -200 0 9 8015 3985 200 0 4 0 6 TL 0 7 TR 0 8 TL 0 9 TR 
6 6 1 6 1 7 1 0 3333 9999 0 30 1 1 6666 9999 0 30 0 4 6 167 9306 200 0 7 9832 9306 -200 0 8 1784 3985 -200 0 9 8215 3985 200 0 4 0 6 TL 0 7 TR 0 8 TL 0 9 TR 
6 6 1 6 1 7 1 0 3333 9999 0 30 1 1 6666 9999 0 30 0 4 6 367 9306 200 0 7 9632 9306 -200 0 8 1584 3985 -200 0 9 8415 3985 200 0 4 0 6 TL 0 7 TR 0 8 TL 0 9 TR 
6 6 1 6 1 7 1 0 3333 9999 0 30 1 1 6666 9999 0 30 0 4 6 567 9306 200 0 7 9432 9306 -200 0 8 1384 3985 -200 0 9 8615 3985 200 0 4 0 6 TL 0 7 TR 0 8 TL 0 9 TR 
6 6 1 6 1 7 1 0 3333 9999 0 30 1 1 6666 9999 0 30 0 4 6 767 9306 200 0 7 9232 9306 -200 0 8 1184 3985 -200 0 9 8815 3985 200 0 4 0 6 TL 0 7 TR 0 8 TL 0 9 TR 
6 6 1 6 1 7 1 0 3333 9999 0 30 1 1 6666 9999 0 30 0 4 6 967 9306 200 0 7 9032 9306 -200 0 8 984 3985 -200 0 9 9015 3985 200 0 4 0 6 TL 0 7 TR 0 8 TL 0 9 TR 
6 6 1 6 1 7 1 0 3333 9999 0 30 1 1 6666 9999 0 30 0 4 6 1167 9306 200 0 7 8832 9306 -200 0 8 784 3985 -200 0 9 9215 3985 200 0 4 0 6 TL 0 7 TR 0 8 TL 0 9 TR 
6 6 1 6 1 7 1 0 3333 9999 0 30 1 1 6666 9999 0 30 0 4 6 1367 9306 200 0 7 8632 9306 -200 0 8 584 3985 -200 0 9 9415 3985 200 0 4 0 6 TL 0 7 TR 0 8 TL 0 9 TR 
6 6 1 6 1 7 1 0 3333 9999 0 30 1 1 6666 9999 0 30 0 4 6 1567 9306 200 0 7 8432 9306 -200 0 8 384 3985 -200 0 9 9615 3985 200 0 4 0 6 TL 0 7 TR 0 8 TL 0 9 TR 
6 6 1 6 1 7 1 0 3333 9999 0 30 1 1 6666 9999 0 30 0 4 6 1767 9306 200 0 7 8232 9306 -200 0 8 184 3985 200 0 9 9815 3985 -200 0 4 0 6 TL 0 7 TR 0 8 TL 0 9 TR 
6 6 1 6 1 7 1 0 3333 9999 0 30 1 1 6666 9999 0 30 0 4 6 1967 9306 200 0 7 8032 9306 -200 0 8 384 3985 200 0 9 9615 3985 -200 0 4 0 6 TL 0 7 TR 0 8 TL 0 9 TR 
6 6 1 6 1 7 1 0 3333 9999 0 30 1 1 6666 9999 0 30 0 4 6 2167 9306 200 0 7 7832 9306 -200 0 8 584 3985 200 0 9 9415 3985 -200 0 4 0 6 TL 0 7 TR 0 8 TL 0 9 TR 
6 6 1 6 1 7 1 0 3333 9999 0 30 1 1 6666 9999 0 30 0 4 6 2367 9306 200 0 7 7632 9306 -200 0 8 784 3985 200 0 9 9215 3985 -200 0 4 0 6 TL 0 7 TR 0 8 TL 0 9 TR 
6 6 1 6 1 7 1 0 3333 9999 0 30 1 1 6666 9999 0 30 0 4 6 2567 9306 200 0 7 7432 9306 -200 0 8 984 3985 200 0 9 9015 3985 -200 0 4 0 6 TL 0 7 TR 0 8 TL 0 9 TR 
6 6 1 6 1 7 1 0 3333 9999 0 30 1 1 6666 9999 0 30 0 4 6 2767 9306 200 0 7 7232 9306 -200 0 8 1184 3985 200 0 9 8815 3985 -200 0 4 0 6 TL 0 7 TR 0 8 TL 0 9 TR 
6 6 1 6 1 7 1 0 3333 9999 0 30 1 1 6666 9999 0 30 0 4 6 2967 9306 200 0 7 7032 9306 -200 0 8 1384 3985 200 0 9 8615 3985 -200 0 4 0 6 TL 0 7 TR 0 8 TL 0 9 TR 
6 6 1 6 1 7 1 0 3333 9999 0 30 1 1 6666 9999 0 30 0 4 6 3167 9306 200 0 7 6832 9306 -200 0 8 1584 3985 200 0 9 8415 3985 -200 0 4 0 6 TL 0 7 TR 0 8 TL 0 9 TR 
6 6 1 6 1 7 1 0 3333 9999 0 30 1 1 6666 9999 0 30 0 4 6 3367 9306 200 0 7 6632 9306 -200 0 8 1784 3985 200 0 9 8215 3985 -200 0 4 0 6 TR 0 7 TR 0 8 TL 0 9 TR 
6 6 1 6 1 7 1 0 3333 9999 0 30 1 1 6666 9999 0 30 0 4 6 3567 9306 200 0 7 6432 9306 -200 0 8 1984 3985 200 0 9 8015 3985 -200 0 4 0 6 TR 0 7 TR 0 8 TL 0 9 TR 
6 6 1 6 1 7 1 0 3333 9999 0 30 1 1 6666 9999 0 30 0 4 6 3767 9306 200 0 7 6232 9306 -200 0 8 2184 3985 200 0 9 7815 3985 -200 0 4 0 6 TR 0 7 TR 0 8 TL 0 9 TR 
6 6 1 6 1 7 1 0 3333 9999 0 30 1 1 6666 9999 0 30 0 4 6 3967 9306 200 0 7 6032 9306 -200 0 8 2384 3985 200 0 9 7615 3985 -200 0 4 0 6 TR 0 7 TR 0 8 TL 0 9 TR 
6 6 1 6 1 7 1 0 3333 9999 0 30 1 1 6666 9999 0 30 0 4 6 4167 9306 200 0 7 5832 9306 -200 0 8 2584 3985 200 0 9 7415 3985 -200 0 4 0 6 TR 0 7 TR 0 8 TL 0 9 TR 
6 6 1 6 1 7 1 0 3333 9999 0 30 1 1 6666 9999 0 30 0 4 6 4367 9306 200 0 7 5632 9306 -200 0 8 2784 3985 200 0 9 7215 3985 -200 0 4 0 6 TR 0 7 TR 0 8 TL 0 9 TR 
6 6 1 6 1 7 1 0 3333 9999 0 30 1 1 6666 9999 0 30 0 4 6 4567 9306 200 0 7 5432 9306 -200 0 8 2984 3985 200 0 9 7015 3985 -200 0 4 0 6 TR 0 7 TR 0 8 TL 0 9 TR 
6 6 1 6 1 7 1 0 3333 9999 0 30 1 1 6666 9999 0 30 0 4 6 4767 9306 -200 0 7 5232 9306 200 0 8 3184 3985 200 0 9 6815 3985 -200 0 4 0 6 TR 0 7 TR 0 8 TL 0 9 TR 
6 6 1 6 1 7 1 0 3333 9999 0 30 1 1 6666 9999 0 30 0 4 6 4567 9306 -200 0 7 5432 9306 200 0 8 3384 3985 200 0 9 6615 3985 -200 0 4 0 6 TR 0 7 TR 0 8 TR 0 9 TR 
6 6 1 6 1 7 1 0 3333 9999 0 30 1 1 6666 9999 0 30 0 4 6 4367 9306 -200 0 7 5632 9306 200 0 8 3584 3985 200 0 9 6415 3985 -200 0 4 0 6 TR 0 7 TR 0 8 TR 0 9 TR 
6 6 1 6 1 7 1 0 3333 9999 0 30 1 1 6666 9999 0 30 0 4 6 4167 9306 -200 0 7 5832 9306 200 0 8 3784 3985 200 0 9 6215 3985 -200 0 4 0 6 TR 0 7 TR 0 8 TR 0 9 TR 
6 6 1 6 1 7 1 0 3333 9999 0 30 1 1 6666 9999 0 30 0 4 6 3967 9306 -200 0 7 6032 9306 200 0 8 3984 3985 200 0 9 6015 3985 -200 0 4 0 6 TR 0 7 TR 0 8 TR 0 9 TR 
6 6 1 6 1 7 1 0 3333 9999 0 30 1 1 6666 9999 0 30 0 4 6 3767 9306 -200 0 7 6232 9306 200 0 8 4184 3985 200 0 9 5815 3985 -200 0 4 0 6 TR 0 7 TR 0 8 TR 0 9 TR 
6 6 1 6 1 7 1 0 3333 9999 0 30 1 1 6666 9999 0 30 0 4 6 3567 9306 -200 0 7 6432 9306 200 0 8 4384 3985 200 0 9 5615 3985 -200 0 4 0 6 TR 0 7 TR 0 8 TR 0 9 TR 
6 6 1 6 1 7 1 0 3333 9999 0 30 1 1 6666 9999 0 30 0 4 6 3367 9306 -200 0 7 6632 9306 200 0 8 4584 3985 200 0 9 5415 3985 -200 0 4 0 6 TR 0 7 TR 0 8 TR 0 9 TR 
6 6 1 6 1 7 1 0 3333 9999 0 30 1 1 6666 9999 0 30 0 4 6 3167 9306 -200 0 7 6832 9306 200 0 8 4784 3985 -200 0 9 5215 3985 200 0 4 0 6 TL 0 7 TR 0 8 TR 0 9 TR 
6 6 1 6 1 7 1 0 3333 9999 0 30 1 1 6666 9999 0 30 0 4 6 2967 9306 -200 0 7 7032 9306 200 0 8 4584 3985 -200 0 9 5415 3985 200 0 4 0 6 TL 0 7 TR 0 8 TR 0 9 TR 
6 6 1 6 1 7 1 0 3333 9999 0 30 1 1 6666 9999 0 30 0 4 6 2767 9306 -200 0 7 7232 9306 200 0 8 4384 3985 -200 0 9 5615 3985 200 0 4 0 6 TL 0 7 TR 0 8 TR 0 9 TR 
6 6 1 6 1 7 1 0 3333 9999 0 30 1 1 6666 9999 0 30 0 4 6 2567 9306 -200 0 7 7432 9306 200 0 8 4184 3985 -200 0 9 5815 3985 200 0 4 0 6 TL 0 7 TR 0 8 TR 0 9 TR 
6 6 1 6 1 7 1 0 3333 9999 0 30 1 1 6666 9999 0 30 0 4 6 2367 9306 -200 0 7 7632 9306 200 0 8 3984 3985 -200 0 9 6015 3985 200 0 4 0 6 TL 0 7 TR 0 8 TR 0 9 TR 
6 6 1 6 1 7 1 0 3333 9999 0 30 1 1 6666 9999 0 30 0 4 6 2167 9306 -200 0 7 7832 9306 200 0 8 3784 3985 -200 0 9 6215 3985 200 0 4 0 6 TL 0 7 TR 0 8 TR 0 9 TR 
6 6 1 6 1 7 1 0 3333 9999 0 30 1 1 6666 9999 0 30 0 4 6 1967 9306 -200 0 7 8032 9306 200 0 8 3584 3985 -200 0 9 6415 3985 200 0 4 0 6 TL 0 7 TR 0 8 TR 0 9 TR 
6 6 1 6 1 7 1 0 3333 9999 0 30 1 1 6666 9999 0 30 0 4 6 1767 9306 -200 0 7 8232 9306 200 0 8 3384 3985 -200 0 9 6615 3985 200 0 4 0 6 TL 0 7 TR 0 8 TR 0 9 TR 
6 6 1 6 1 7 1 0 3333 9999 0 30 1 1 6666 9999 0 30 0 4 6 1567 9306 -200 0 7 8432 9306 200 0 8 3184 3985 -200 0 9 6815 3985 200 0 4 0 6 TL 0 7 TR 0 8 TL 0 9 TR 
6 6 1 6 1 7 1 0 3333 9999 0 30 1 1 6666 9999 0 30 0 4 6 1367 9306 -200 0 7 8632 9306 200 0 8 2984 3985 -200 0 9 7015 3985 200 0 4 0 6 TL 0 7 TR 0 8 TL 0 9 TR 
6 6 1 6 1 7 1 0 3333 9999 0 30 1 1 6666 9999 0 30 0 4 6 1167 9306 -200 0 7 8832 9306 200 0 8 2784 3985 -200 0 9 7215 3985 200 0 4 0 6 TL 0 7 TR 0 8 TL 0 9 TR 
6 6 1 6 1 7 1 0 3333 9999 0 30 1 1 6666 9999 0 30 0 4 6 967 9306 -200 0 7 9032 9306 200 0 8 2584 3985 -200 0 9 7415 3985 200 0 4 0 6 TL 0 7 TR 0 8 TL 0 9 TR 
6 6 1 6 1 7 1 0 3333 9999 0 30 1 1 6666 9999 0 30 0 4 6 767 9306 -200 0 7 9232 9306 200 0 8 2384 3985 -200 0 9 7615 3985 200 0 4 0 6 TL 0 7 TR 0 8 TL 0 9 TR 
6 6 1 6 1 7 1 0 3333 9999 0 30 1 1 6666 9999 0 30 0 4 6 567 9306 -200 0 7 9432 9306 200 0 8 2184 3985 -200 0 9 7815 3985 200 0 4 0 6 TL 0 7 TR 0 8 TL 0 9 TR 
6 6 1 6 1 7 1 0 3333 9999 0 30 1 1 6666 9999 0 30 0 4 6 367 9306 -200 0 7 9632 9306 200 0 8 1984 3985 -200 0 9 8015 3985 200 0 4 0 6 TL 0 7 TR 0 8 TL 0 9 TR 
6 6 1 6 1 7 1 0 3333 9999 0 30 1 1 6666 9999 0 30 0 4 6 167 9306 200 0 7 9832 9306 -200 0 8 1784 3985 -200 0 9 8215 3985 200 0 4 0 6 TL 0 7 TR 0 8 TL 0 9 TR 
6 6 1 6 1 7 1 0 3333 9999 0 30 1 1 6666 9999 0 30 0 4 6 367 9306 200 0 7 9632 9306 -200 0 8 1584 3985 -200 0 9 8415 3985 200 0 4 0 6 TL 0 7 TR 0 8 TL 0 9 TR 
6 6 1 6 1 7 1 0 3333 9999 0 30 1 1 6666 9999 0 30 0 4 6 567 9306 200 0 7 9432 9306 -200 0 8 1384 3985 -200 0 9 8615 3985 200 0 4 0 6 TL 0 7 TR 0 8 TL 0 9 TR 
6 6 1 6 1 7 1 0 3333 9999 0 30 1 1 6666 9999 0 30 0 4 6 767 9306 200 0 7 9232 9306 -200 0 8 1184 3985 -200 0 9 8815 3985 200 0 4 0 6 TL 0 7 TR 0 8 TL 0 9 TR 
6 6 1 6 1 7 1 0 3333 9999 0 30 1 1 6666 9999 0 30 0 4 6 967 9306 200 0 7 9032 9306 -200 0 8 984 3985 -200 0 9 9015 3985 200 0 4 0 6 TL 0 7 TR 0 8 TL 0 9 TR 
6 6 1 6 1 7 1 0 3333 9999 0 30 1 1 6666 9999 0 30 0 4 6 1167 9306 200 0 7 8832 9306 -200 0 8 784 3985 -200 0 9 9215 3985 200 0 4 0 6 TL 0 7 TR 0 8 TL 0 9 TR 
6 6 1 6 1 7 1 0 3333 9999 0 30 1 1 6666 9999 0 30 0 4 6 1367 9306 200 0 7 8632 9306 -200 0 8 584 3985 -200 0 9 9415 3985 200 0 4 0 6 TL 0 7 TR 0 8 TL 0 9 TR 
6 6 1 6 1 7 1 0 3333 9999 0 30 1 1 6666 9999 0 30 0 4 6 1567 9306 200 0 7 8432 9306 -200 0 8 384 3985 -200 0 9 9615 3985 200 0 4 0 6 TL 0 7 TR 0 8 TL 0 9 TR 
6 6 1 6 1 7 1 0 3333 9999 0 30 1 1 6666 9999 0 30 0 4 6 1767 9306 200 0 7 8232 9306 -200 0 8 184 3985 200 0 9 9815 3985 -200 0 4 0 6 TL 0 7 TR 0 8 TL 0 9 TR 
6 6 1 6 1 7 1 0 3333 9999 0 30 1 1 6666 9999 0 30 0 4 6 1967 9306 200 0 7 8032 9306 -200 0 8 384 3985 200 0 9 9615 3985 -200 0 4 0 6 TL 0 7 TR 0 8 TL 0 9 TR 
6 6 1 6 1 7 1 0 3333 9999 0 30 1 1 6666 9999 0 30 0 4 6 2167 9306 200 0 7 7832 9306 -200 0 8 584 3985 200 0 9 9415 3985 -200 0 4 0 6 TL 0 7 TR 0 8 TL 0 9 TR 
6 6 1 6 1 7 1 0 3333 9999 0 30 1 1 6666 9999 0 30 0 4 6 2367 9306 200 0 7 7632 9306 -200 0 8 784 3985 200 0 9 9215 3985 -200 0 4 0 6 TL 0 7 TR 0 8 TL 0 9 TR 
6 6 1 6 1 7 1 0 3333 9999 0 30 1 1 6666 9999 0 30 0 4 6 2567 9306 200 0 7 7432 9306 -200 0 8 984 3985 200 0 9 9015 3985 -200 0 4 0 6 TL 0 7 TR 0 8 TL 0 9 TR 
6 6 1 6 1 7 1 0 3333 9999 0 30 1 1 6666 9999 0 30 0 4 6 2767 9306 200 0 7 7232 9306 -200 0 8 1184 3985 200 0 9 8815 3985 -200 0 4 0 6 TL 0 7 TR 0 8 TL 0 9 TR 
6 6 1 6 1 7 1 0 3333 9999 0 30 1 1 6666 9999 0 30 0 4 6 2967 9306 200 0 7 7032 9306 -200 0 8 1384 3985 200 0 9 8615 3985 -200 0 4 0 6 TL 0 7 TR 0 8 TL 0 9 TR 
6 6 1 6 1 7 1 0 3333 9999 0 30 1 1 6666 9999 0 30 0 4 6 3167 9306 200 0 7 6832 9306 -200 0 8 1584 3985 200 0 9 8415 3985 -200 0 4 0 6 TL 0 7 TR 0 8 TL 0 9 TR 
6 6 1 6 1 7 1 0 3333 9999 0 30 1 1 6666 9999 0 30 0 4 6 3367 9306 200 0 7 6632 9306 -200 0 8 1784 3985 200 0 9 8215 3985 -200 0 4 0 6 TR 0 7 TR 0 8 TL 0 9 TR 
6 6 1 6 1 7 1 0 3333 9999 0 30 1 1 6666 9999 0 30 0 4 6 3567 9306 200 0 7 6432 9306 -200 0 8 1984 3985 200 0 9 8015 3985 -200 0 4 0 6 TR 0 7 TR 0 8 TL 0 9 TR 
6 6 1 6 1 7 1 0 3333 9999 0 30 1 1 6666 9999 0 30 0 4 6 3767 9306 200 0 7 6232 9306 -200 0 8 2184 3985 200 0 9 7815 3985 -200 0 4 0 6 TR 0 7 TR 0 8 TL 0 9 TR 
